[[-1.43802, -1.59867, 3.00957, 0.09045],
[-1.16354, -1.65757, 3.33494, 0.08418],
[-0.87681, -1.69688, 3.79065, 0.07635],
[-0.58044, -1.71958, 4.0, 0.07431],
[-0.27747, -1.72958, 4.0, 0.07578],
[0.02895, -1.73169, 4.0, 0.07661],
[0.33674, -1.73122, 4.0, 0.07695],
[0.64453, -1.73121, 4.0, 0.07695],
[0.95231, -1.7315, 4.0, 0.07695],
[1.25748, -1.72888, 3.70647, 0.08234],
[1.55017, -1.70765, 2.72048, 0.10787],
[1.82157, -1.65679, 2.2502, 0.12271],
[2.06223, -1.5719, 1.95982, 0.13021],
[2.26495, -1.45417, 1.75679, 0.13344],
[2.42487, -1.30794, 1.60465, 0.13504],
[2.53816, -1.13889, 1.48435, 0.1371],
[2.60049, -0.95342, 1.3847, 0.1413],
[2.6054, -0.75946, 1.3, 0.14925],
[2.54295, -0.5696, 1.38254, 0.14456],
[2.41703, -0.39872, 1.64746, 0.12884],
[2.24283, -0.25262, 1.88566, 0.12057],
[2.02823, -0.13455, 2.26061, 0.10835],
[1.78298, -0.04292, 2.99145, 0.08752],
[1.51908, 0.03007, 3.40838, 0.08033],
[1.24917, 0.12571, 3.68945, 0.07762],
[0.98695, 0.23719, 4.0, 0.07123],
[0.7314, 0.36152, 4.0, 0.07105],
[0.48137, 0.49594, 4.0, 0.07097],
[0.23557, 0.63785, 4.0, 0.07096],
[-0.00736, 0.78472, 4.0, 0.07097],
[-0.24885, 0.93405, 4.0, 0.07098],
[-0.47007, 1.07045, 4.0, 0.06497],
[-0.69068, 1.19896, 3.92877, 0.06499],
[-0.911, 1.31357, 3.21803, 0.07717],
[-1.13212, 1.40978, 2.78981, 0.08644],
[-1.35518, 1.48388, 2.49562, 0.09418],
[-1.58062, 1.5322, 2.27427, 0.10138],
[-1.80769, 1.55068, 2.10161, 0.1084],
[-2.03396, 1.53488, 1.95994, 0.11573],
[-2.25463, 1.48013, 1.84058, 0.12353],
[-2.46161, 1.38249, 1.7376, 0.13171],
[-2.64327, 1.24026, 1.64483, 0.14027],
[-2.78566, 1.05458, 1.98812, 0.11769],
[-2.89586, 0.84214, 2.0568, 0.11636],
[-2.97156, 0.60528, 2.12451, 0.11704],
[-3.00903, 0.3455, 2.1973, 0.11945],
[-3.00287, 0.06437, 2.24977, 0.12499],
[-2.94438, -0.23625, 2.28444, 0.13406],
[-2.84417, -0.50367, 2.31713, 0.12324],
[-2.7119, -0.73989, 2.34499, 0.11545],
[-2.55296, -0.94789, 2.37063, 0.11042],
[-2.37056, -1.12939, 2.39326, 0.10752],
[-2.16651, -1.28495, 2.40408, 0.10673],
[-1.94152, -1.41392, 2.56749, 0.10101],
[-1.69801, -1.518, 2.76339, 0.09583]]